{
'acc': [0.30750000192783772, 0.40700000263750552, 0.45750000085681675, 0.45550000201910734, 0.50850000195205214, 0.54474999848753214, 0.54750000331550841, 0.62824999839067464, 0.70024999864399429, 0.757750004157424, 0.7679999984800816, 0.83174999766051771, 0.88425000384449959, 0.92725000455975537, 0.95175000466406345, 0.97725000791251659, 0.97525000683963303, 0.98250000998377796, 0.9867500059306622, 0.98600000999867921, 0.98900000341236594, 0.99200000651180742, 0.99300000518560405, 0.99250000715255737, 0.99175000675022607], 
'loss': [1.5267176300287246, 1.3380697645246982, 1.2233925446867944, 1.2777926489710807, 1.1516018472611904, 1.0749099545180798, 1.1720489747822285, 0.93637029379606251, 0.80678695291280744, 0.66953505501151089, 0.6669213492423296, 0.49782442934811116, 0.35430113459005952, 0.22906954432837665, 0.15951536195352672, 0.096538964449428027, 0.085192562843440095, 0.062717245781095693, 0.049969007057370618, 0.046794926421716808, 0.041711970407050103, 0.029350750730372965, 0.027077420629211701, 0.028850227859220468, 0.027543458424042912], 
'val_acc': [0.4050000011920929, 0.39900000244379041, 0.4180000014603138, 0.4380000025033951, 0.50899999365210535, 0.50100000053644178, 0.48300000056624415, 0.53600000813603399, 0.56400000676512718, 0.61000000312924385, 0.58300000354647641, 0.69000000059604649, 0.75300001204013822, 0.80799999982118609, 0.85900000035762791, 0.90900000184774399, 0.91600000262260439, 0.93400000780820847, 0.94399998933076856, 0.94100000113248827, 0.9510000064969063, 0.95400001257658007, 0.95399999469518659, 0.95399999469518659, 0.96299999505281453], 
'val_loss': [1.3198134809732438, 1.2519302725791932, 1.2662543654441833, 1.2192133337259292, 1.1471077829599381, 1.1115704759955407, 1.152470275759697, 1.1482523098587989, 1.0205265551805496, 0.95729709863662715, 1.0856485247612, 0.86302049756050114, 0.71471229791641233, 0.56774611845612521, 0.39491130784153938, 0.28823959939181804, 0.26011352054774761, 0.22853914834558964, 0.17921944092959166, 0.20478472914546728, 0.16616891305893661, 0.15065864082425834, 0.16521479454822838, 0.1554245431907475, 0.13429910112172366]
}
